$SPEC_ID:
 
$SPEC_REM:
DET# 3
DETDESC# DESKTOP-K8MJSNS XBASE SN C1612
AP# GammaVision Version 6.07
$DATE_MEA:
07/07/2022 17:10:33
$MEAS_TIM:
487 514
$DATA:
0 1023
       0
       0
       0
       0
       0
       0
       0
       0
       0
       0
     278
   13239
   31996
   30375
   25832
   20977
   18638
   20594
   28263
   41685
   60275
   82481
  102075
  114969
  118172
  107803
   90288
   69746
   49266
   33560
   22505
   15875
   12198
   10581
    9532
    9210
    9433
    9350
    9267
    9317
    9387
    9433
    9471
    9464
    9632
    9642
    9640
    9837
    9936
   10042
    9867
   10250
   10128
   10341
   10307
   10299
   10443
   10446
   10574
   10902
   10624
   10793
   10909
   11034
   11093
   11224
   11408
   11439
   11740
   11917
   12031
   12212
   12126
   12457
   12450
   13006
   12828
   13113
   13545
   13750
   13769
   14168
   14312
   14363
   14166
   14276
   13693
   13770
   13328
   13309
   13086
   13043
   12899
   12793
   12803
   12614
   12397
   12039
   12226
   12087
   11871
   11709
   11726
   11562
   11309
   11468
   11245
   11043
   11194
   11031
   11002
   10789
   10840
   10516
   10747
   10623
   10434
   10560
   10357
   10052
   10153
   10168
    9926
    9873
    9813
    9856
    9897
    9720
    9789
    9936
    9636
    9781
    9669
    9708
    9527
    9799
    9688
    9497
    9702
    9541
    9522
    9434
    9305
    9345
    9246
    9337
    9138
    9211
    9079
    9138
    9183
    9046
    9027
    9265
    8963
    9120
    9083
    8958
    8844
    8946
    8901
    8821
    8742
    8567
    8583
    8487
    8249
    8342
    8309
    8159
    8043
    7952
    7877
    7788
    7749
    7647
    7461
    7478
    7358
    7281
    7099
    7390
    7180
    7087
    6976
    6960
    7036
    6791
    6891
    6896
    6839
    6857
    6935
    6789
    6754
    6877
    6699
    6846
    6978
    6820
    6970
    7166
    7176
    7591
    7465
    7668
    7639
    8008
    8260
    8646
    9019
    9263
    9545
    9829
   10263
   10466
   11094
   11709
   11975
   12807
   13153
   13785
   14591
   14930
   15661
   16326
   16976
   17468
   18118
   18479
   19218
   19875
   20150
   20773
   20855
   21481
   21810
   22116
   22185
   22427
   22376
   22330
   22436
   22122
   21955
   21582
   21481
   20721
   20280
   20036
   19300
   18784
   18013
   17399
   16672
   16106
   15330
   14621
   13884
   13191
   12622
   12151
   11368
   10947
   10493
   10031
    9454
    9049
    8718
    8248
    8028
    7648
    7509
    7351
    7013
    6836
    6643
    6534
    6410
    6287
    6224
    6094
    6175
    6031
    5998
    5960
    5825
    5851
    5889
    5722
    5817
    5874
    5868
    5762
    5830
    5673
    5774
    5829
    5828
    5830
    5637
    5659
    5817
    5932
    5746
    5895
    5755
    5755
    5868
    5765
    5821
    5863
    5791
    5975
    5895
    5789
    5796
    5803
    5885
    5782
    5910
    5816
    5765
    5788
    5866
    5851
    5873
    5846
    5661
    5737
    5663
    5741
    5726
    5673
    5508
    5540
    5480
    5432
    5438
    5372
    5111
    5221
    5308
    5173
    5113
    5242
    5056
    5031
    5174
    5119
    4862
    5103
    4848
    4890
    4799
    4843
    4769
    4812
    4802
    4872
    4908
    4701
    4728
    4725
    4819
    5012
    4837
    4823
    4741
    5000
    5018
    4857
    4997
    5186
    5101
    5408
    5317
    5401
    5625
    5656
    5768
    5795
    5902
    5944
    6131
    6301
    6421
    6562
    6671
    6999
    6894
    7317
    7282
    7723
    7810
    8270
    8538
    8636
    8836
    9129
    9520
    9834
   10022
   10335
   10482
   10861
   11079
   11436
   11846
   11717
   12345
   12654
   12736
   12988
   13486
   13506
   13554
   13707
   14017
   14140
   14100
   13926
   14347
   14193
   14066
   14010
   13846
   13679
   13802
   13537
   13392
   13184
   13053
   12856
   12569
   12264
   12302
   11877
   11703
   11391
   11437
   11031
   10613
   10651
   10486
   10248
   10109
   10054
    9894
    9884
    9767
    9886
    9592
    9555
    9566
    9644
    9807
    9681
    9795
    9734
    9794
    9829
   10062
   10124
   10210
   10421
   10452
   10423
   10852
   10541
   10782
   10976
   10824
   10858
   10990
   11106
   10970
   10928
   11033
   10823
   10780
   10714
   10612
   10433
   10638
   10137
   10135
    9645
    9534
    9348
    9015
    8833
    8732
    8415
    7956
    7922
    7689
    7118
    6997
    6615
    6593
    6072
    5925
    5697
    5372
    5151
    5001
    4815
    4546
    4319
    4119
    3973
    3642
    3586
    3258
    3220
    3076
    2924
    2818
    2721
    2575
    2395
    2450
    2296
    2218
    2152
    2071
    1963
    1942
    1852
    1804
    1793
    1680
    1609
    1577
    1630
    1566
    1570
    1505
    1471
    1386
    1334
    1329
    1287
    1267
    1264
    1343
    1302
    1304
    1266
    1217
    1263
    1220
    1189
    1112
    1178
    1174
    1083
    1129
    1119
    1108
    1171
    1173
    1100
    1108
    1065
    1057
    1051
    1108
    1120
    1040
    1097
    1061
    1008
    1055
    1077
    1065
    1082
    1083
    1068
    1044
    1058
    1020
    1028
     966
    1038
    1002
    1014
     980
     937
     975
     999
     971
     939
     928
     887
     956
     954
     949
     953
     998
     985
     943
     989
     872
     923
     969
     938
     907
     909
     894
     889
     872
     863
     902
     914
     836
     895
     917
     864
     901
     863
     891
     878
     832
     847
     826
     819
     874
     872
     877
     832
     846
     835
     830
     824
     846
     818
     838
     792
     804
     847
     804
     847
     787
     774
     786
     778
     827
     858
     779
     823
     756
     769
     802
     746
     752
     778
     803
     802
     769
     761
     760
     745
     747
     747
     767
     779
     765
     779
     787
     739
     737
     737
     729
     771
     762
     723
     822
     737
     724
     723
     710
     706
     707
     743
     741
     787
     764
     691
     711
     733
     700
     714
     723
     730
     764
     691
     738
     716
     734
     662
     704
     725
     700
     697
     715
     706
     731
     719
     735
     692
     642
     746
     731
     708
     681
     749
     719
     713
     669
     699
     682
     706
     700
     676
     720
     707
     698
     701
     674
     707
     649
     649
     650
     699
     653
     662
     676
     611
     663
     739
     751
     695
     677
     688
     687
     673
     661
     642
     708
     670
     696
     661
     710
     645
     691
     662
     697
     666
     711
     642
     667
     654
     700
     684
     672
     636
     657
     653
     680
     685
     739
     682
     683
     667
     700
     686
     664
     722
     689
     670
     633
     611
     665
     645
     638
     641
     658
     627
     646
     599
     655
     668
     609
     637
     657
     644
     615
     623
     607
     574
     621
     550
     545
     573
     596
     552
     556
     543
     571
     568
     568
     545
     517
     554
     502
     522
     550
     513
     539
     537
     510
     525
     515
     501
     478
     525
     482
     479
     508
     472
     452
     473
     439
     427
     473
     522
     490
     459
     464
     458
     462
     486
     486
     460
     517
     511
     483
     508
     509
     523
     532
     536
     539
     542
     550
     538
     544
     607
     555
     604
     643
     592
     591
     629
     658
     654
     659
     736
     682
     671
     771
     769
     784
     761
     730
     725
     722
     784
     771
     852
     803
     780
     768
     854
     817
     861
     926
     863
     836
     893
     853
     890
     886
     913
     901
     892
     913
     873
     869
     888
     890
     870
     840
     889
     862
     847
     818
     780
     833
     796
     856
     808
     739
     736
     724
     759
     697
     665
     653
     676
     674
     649
     659
     609
     547
     542
     542
     500
     513
     486
     479
     482
     475
     470
     449
     403
     416
     388
     380
     351
     342
     336
     306
     290
     270
     294
     270
     252
     230
     210
     214
     221
     203
     183
     172
     162
     165
     157
     136
     134
     146
     119
     123
     119
      93
      88
      92
      96
      93
      58
      80
      64
      65
      60
      43
      55
      63
      49
      45
      52
      36
      40
      42
      36
      31
      30
      31
      38
      36
      24
      36
      25
      35
      28
      29
      29
      17
      21
      19
      22
      29
      27
      19
      12
      14
      20
      22
      20
      25
      15
      27
       9
      18
       9
      15
      16
      15
      12
      12
      13
      12
      17
$ROI:
2
3 8
207 273
$PRESETS:
None
0
0
$ENER_FIT:
0.000000 1.586153
$MCA_CAL:
3
0.000000E+000 1.586153E+000 0.000000E+000 keV
$SHAPE_CAL:
3
3.025437E+001 0.000000E+000 0.000000E+000
