$SPEC_ID:

$SPEC_REM:
DET# 3
DETDESC# DESKTOP-K8MJSNS XBASE SN C1612
AP# GammaVision Version 6.07
$DATE_MEA:
10/21/2022 17:34:28
$MEAS_TIM:
1157 514
$DATA:
0 1023
       0
       0
       0
       0
     549
     680
     676
     735
     771
     846
     926
     947
    1091
    1062
    1138
    1204
    1268
    1384
    1669
    1824
    2130
    2485
    2734
    3148
    3404
    3667
    3926
    4186
    4246
    4439
    4608
    4684
    4651
    4676
    4468
    4402
    4505
    4450
    4439
    4407
    4307
    4216
    4086
    4049
    4009
    3763
    3676
    3693
    3680
    3542
    3379
    3313
    3322
    3218
    3019
    2898
    2881
    2796
    2658
    2597
    2559
    2615
    2446
    2418
    2423
    2305
    2227
    2191
    2046
    2108
    2074
    2007
    1852
    1823
    1886
    1720
    1772
    1675
    1636
    1708
    1674
    1654
    1649
    1593
    1560
    1387
    1384
    1337
    1225
    1164
    1202
    1063
     992
    1033
    1043
     933
    1000
     927
     951
     865
     896
     861
     850
     820
     771
     764
     722
     730
     728
     698
     750
     637
     627
     686
     651
     694
     654
     675
     664
     601
     603
     605
     541
     554
     493
     466
     467
     435
     432
     383
     431
     407
     417
     364
     397
     365
     351
     330
     365
     327
     352
     337
     339
     329
     325
     310
     303
     296
     316
     308
     279
     276
     283
     333
     297
     269
     275
     228
     269
     264
     280
     268
     267
     255
     281
     265
     297
     288
     264
     265
     251
     248
     236
     243
     247
     263
     211
     224
     223
     201
     210
     221
     212
     226
     233
     237
     231
     234
     204
     239
     261
     254
     250
     275
     258
     253
     253
     233
     244
     258
     220
     224
     243
     240
     213
     205
     217
     189
     163
     160
     156
     137
     127
     135
     121
     131
     115
     129
     130
     133
     111
     130
     121
     112
     135
     126
     115
     133
     128
     107
     128
     121
     105
     133
     109
     118
     114
     118
     112
     128
     127
     126
     122
     106
     127
     131
     100
     128
     107
     100
     115
     111
     104
     118
     108
     106
      92
      80
     110
     118
      94
      94
      92
     104
     115
      88
      96
      93
      82
      93
     104
      93
      75
     104
      97
      88
      89
      98
      73
      81
     100
      91
     107
      98
      94
      88
      92
      90
      99
     102
      99
      88
      73
      93
     104
     101
     101
     114
      90
     106
      86
      99
     100
     113
     101
      73
      77
     103
      72
      78
     103
      78
      82
      88
      98
      75
      91
      83
      68
      74
      67
      67
      89
      68
      78
      53
      61
      58
      63
      53
      65
      44
      43
      54
      63
      57
      54
      56
      52
      51
      63
      65
      51
      73
      52
      62
      73
      65
      56
      67
      59
      49
      50
      58
      65
      75
      71
      59
      82
      55
      70
      59
      64
      62
      59
      73
      66
      62
      67
      59
      53
      48
      46
      56
      45
      53
      45
      52
      44
      54
      41
      55
      55
      42
      59
      59
      45
      48
      42
      38
      41
      43
      51
      49
      41
      35
      35
      43
      43
      40
      32
      35
      41
      26
      36
      26
      32
      41
      40
      22
      24
      28
      44
      26
      27
      27
      30
      45
      30
      26
      32
      22
      32
      22
      29
      29
      25
      23
      35
      27
      23
      35
      33
      34
      35
      35
      34
      44
      35
      25
      39
      39
      40
      36
      43
      38
      46
      40
      64
      64
      59
      63
      61
      70
      90
      82
      72
      79
      66
      63
      88
      79
      63
      84
      79
      81
      88
      65
      75
      60
      62
      41
      48
      48
      48
      45
      36
      37
      32
      37
      34
      29
      21
      30
      30
      15
      27
      20
      20
      29
      32
      22
      22
      23
      26
      21
      26
      19
      23
      25
      26
      18
      22
      17
      21
      21
      17
      16
      17
      14
      11
      12
      15
      27
       6
      24
      23
      11
      14
       9
       9
       7
      15
      12
       8
      12
      13
      16
      12
      12
      17
      10
      18
       8
       9
      14
      15
      16
      17
      13
      18
      15
      13
      22
      15
      14
      20
      18
      18
      15
      20
      17
      20
      21
      21
       9
      16
      23
      18
      18
      22
      23
      19
       8
      14
      11
      17
      16
      13
      10
      14
      12
      14
      15
      12
       9
      10
      18
      10
      14
       9
       9
      13
      14
       7
      10
       8
       8
      15
       9
       1
      17
      12
       8
       6
       8
      12
      10
      13
       3
       6
       8
       9
       5
       7
      10
      10
       3
       7
       7
      13
       9
       5
       7
       7
       9
       9
       5
       7
       3
       7
       8
       7
       7
       6
       9
       7
       7
       5
       6
      15
       5
      14
      11
       7
       8
       4
       9
       7
       8
       5
      10
      12
      10
       7
       6
       8
       8
       7
       8
       5
       7
      22
       5
      10
       4
       7
      10
       5
      14
       7
      11
       8
       9
       8
      17
       9
      14
      13
       9
       4
      13
       8
      11
      18
       5
      22
       7
       9
      14
       6
      10
       7
      11
       9
       9
      10
       4
      10
       9
      10
       8
       5
       8
       8
       7
      12
      10
       7
       5
       8
       7
      13
       7
      12
       7
       5
       7
       8
      11
      10
       7
       5
       8
      14
       5
       4
       4
       4
      11
       9
       7
       4
       7
       2
      12
       3
       8
       6
       3
       5
       6
       9
       7
       8
       3
       3
       8
       5
       5
       5
       5
       4
       7
       7
       4
      10
       0
       6
       2
       7
       4
       4
       2
       7
       6
       2
       5
       0
       2
       4
       4
       1
       1
       3
       2
       7
       2
       6
       3
       5
       3
       1
       3
       5
       4
       4
       4
       6
       1
       3
       0
       2
       4
       4
       6
       1
       4
       3
       3
       4
       7
       3
      10
       4
       6
       7
       3
       7
      12
      12
      10
      10
       8
      16
      19
      12
      11
      12
       7
      17
      15
      11
      10
       6
      12
       9
      13
      11
      18
      12
       8
      10
      10
       8
      11
       9
       7
       6
       5
       9
       5
      10
       5
       6
       1
       8
       6
       4
       4
       3
       5
       1
       4
       1
       2
       2
       1
       0
       0
       0
       0
       0
       1
       0
       0
       0
       2
       0
       2
       1
       0
       0
       0
       1
       0
       0
       0
       0
       0
       0
       0
       0
       0
       0
       0
       0
       0
       0
       0
       0
       0
       0
       0
       0
       1
       0
       0
       0
       0
       1
       0
       0
       0
       0
       0
       0
       0
       0
       0
       1
       0
       1
       0
       0
       0
       0
       0
       0
       0
       0
       0
       0
       0
       0
       0
       0
       0
       0
       0
       0
       1
       0
       0
       0
       0
       1
       0
       0
       0
       0
       0
       0
       0
       0
       0
       0
       0
       0
       0
       0
       0
       0
       1
       1
       0
       0
       2
       0
       0
       0
       0
       0
       0
       0
       0
       2
       0
       0
       1
       0
       0
       0
       0
       2
       0
       0
       0
       0
       1
       0
       0
       0
       1
       0
       0
       1
       0
       0
       0
       0
       0
       1
       0
       2
       0
       1
       0
       1
       0
       0
       0
       0
       1
       0
       0
       0
       0
       0
       1
       0
       0
       0
       0
       0
       0
       0
       0
       0
       0
       0
       0
       1
       1
       0
       0
       0
       0
       0
       0
       0
       0
       0
       0
$ROI:
2
3 8
207 273
$PRESETS:
None
0
0
$ENER_FIT:
0.000000 1.586153
$MCA_CAL:
3
0.000000E+000 1.586153E+000 0.000000E+000 keV
$SHAPE_CAL:
3
3.025437E+001 0.000000E+000 0.000000E+000
